% 题目网格: L = 3 m, h = 1 m
% 15 x 2 矩形网格 (dx = 0.2 m, dy = 0.5 m)
% 共 48 个结点, 60 个 CST 三角形单元
% 行优先, 自下而上编号:
%   行 1 (y=0  ): 结点 1..16
%   行 2 (y=0.5): 结点 17..32
%   行 3 (y=1  ): 结点 33..48
%
% 边界条件 (载入后在 GUI 里点选):
%   N1  (左下角  0,0): u = 0, v = 0       — 铰支
%   N16 (右下角  3,0):           v = 0   — 滚动支座
%
% 节点载荷:
%   N38 (1,1):  Fy = -100 N      ← 题目里 "27"
%   N43 (2,1):  Fy = -100 N      ← 题目里 "32"
%
% 材料:  E = 5000 Pa,  ν = 0,  t = 0.1 m,  问题类型: 平面应力
48 60
% 节点列表 (ID, X, Y)
1   0.0  0.0
2   0.2  0.0
3   0.4  0.0
4   0.6  0.0
5   0.8  0.0
6   1.0  0.0
7   1.2  0.0
8   1.4  0.0
9   1.6  0.0
10  1.8  0.0
11  2.0  0.0
12  2.2  0.0
13  2.4  0.0
14  2.6  0.0
15  2.8  0.0
16  3.0  0.0
17  0.0  0.5
18  0.2  0.5
19  0.4  0.5
20  0.6  0.5
21  0.8  0.5
22  1.0  0.5
23  1.2  0.5
24  1.4  0.5
25  1.6  0.5
26  1.8  0.5
27  2.0  0.5
28  2.2  0.5
29  2.4  0.5
30  2.6  0.5
31  2.8  0.5
32  3.0  0.5
33  0.0  1.0
34  0.2  1.0
35  0.4  1.0
36  0.6  1.0
37  0.8  1.0
38  1.0  1.0
39  1.2  1.0
40  1.4  1.0
41  1.6  1.0
42  1.8  1.0
43  2.0  1.0
44  2.2  1.0
45  2.4  1.0
46  2.6  1.0
47  2.8  1.0
48  3.0  1.0
% 单元列表 (ID, Ni, Nj, Nm — 逆时针)
1    1  2  18
2    1  18 17
3    2  3  19
4    2  19 18
5    3  4  20
6    3  20 19
7    4  5  21
8    4  21 20
9    5  6  22
10   5  22 21
11   6  7  23
12   6  23 22
13   7  8  24
14   7  24 23
15   8  9  25
16   8  25 24
17   9  10 26
18   9  26 25
19   10 11 27
20   10 27 26
21   11 12 28
22   11 28 27
23   12 13 29
24   12 29 28
25   13 14 30
26   13 30 29
27   14 15 31
28   14 31 30
29   15 16 32
30   15 32 31
31   17 18 34
32   17 34 33
33   18 19 35
34   18 35 34
35   19 20 36
36   19 36 35
37   20 21 37
38   20 37 36
39   21 22 38
40   21 38 37
41   22 23 39
42   22 39 38
43   23 24 40
44   23 40 39
45   24 25 41
46   24 41 40
47   25 26 42
48   25 42 41
49   26 27 43
50   26 43 42
51   27 28 44
52   27 44 43
53   28 29 45
54   28 45 44
55   29 30 46
56   29 46 45
57   30 31 47
58   30 47 46
59   31 32 48
60   31 48 47
